
2.03 2.51 9.85 1.05 8.41 5.52 
7.35 8.98 6.95 7.95 4.56 6.67 
5.89 6.32 2.73 3.58 8.18 2.02 
2.62 3.09 6.11 9.44 8.64 6.12 
7.96 8.11 4.47 8.6 5.3 8.65 
10.32 7.55 4.65 5.2 6.86 5.24 

Max element from increased rows: -Infinity
Max sum of rows with not even elements: 43.089999999999996
Is symmetrical: false
Matrix with changed diagonal max elements:
2.03 2.51 9.85 1.05 8.41 5.52 
7.35 8.98 6.95 7.95 4.56 6.67 
5.89 6.32 10.32 3.58 8.18 2.02 
2.62 3.09 6.11 9.44 8.64 6.12 
7.96 8.11 4.47 8.6 5.3 8.65 
2.73 7.55 4.65 5.2 6.86 5.24 

Matrix, sorted by ascending first elements of rows:
2.03 2.51 9.85 1.05 8.41 5.52 
2.62 3.09 6.11 9.44 8.64 6.12 
5.89 6.32 2.73 3.58 8.18 2.02 
7.35 8.98 6.95 7.95 4.56 6.67 
7.96 8.11 4.47 8.6 5.3 8.65 
10.32 7.55 4.65 5.2 6.86 5.24 


3.82 3.14 3.64 
3.31 3.18 3.44 

Max element from increased rows: -Infinity
Max sum of rows with not even elements: 10.6
Is symmetrical: false
Matrix with changed diagonal max elements:
3.82 3.14 3.64 
3.31 3.18 3.44 

Matrix, sorted by ascending first elements of rows:
3.31 3.18 3.44 
3.82 3.14 3.64 

